<?xml version="1.0" encoding="utf-8"?>
<COLLADA xmlns="http://www.collada.org/2005/11/COLLADASchema" version="1.4.1">
<asset>
	<contributor>
		<author>Anonymous</author>
		<authoring_tool>Collada Exporter for Blender 2.6+, by Juan Linietsky (juan@codenix.com)</authoring_tool>
	</contributor>
	<created>2018-06-16T22:31:56Z</created>
	<modified>2018-06-16T22:31:56Z</modified>
	<unit meter="1.0" name="meter"/>
	<up_axis>Z_UP</up_axis>
</asset>
<library_animation_clips>
	<animation_clip name="Crouch" start="0.0" end="0.8333333333333333">
		<instance_animation url="#id-anim-38"/>
		<instance_animation url="#id-anim-39"/>
		<instance_animation url="#id-anim-40"/>
		<instance_animation url="#id-anim-41"/>
		<instance_animation url="#id-anim-42"/>
		<instance_animation url="#id-anim-43"/>
		<instance_animation url="#id-anim-44"/>
		<instance_animation url="#id-anim-45"/>
		<instance_animation url="#id-anim-46"/>
		<instance_animation url="#id-anim-47"/>
		<instance_animation url="#id-anim-48"/>
		<instance_animation url="#id-anim-49"/>
		<instance_animation url="#id-anim-50"/>
		<instance_animation url="#id-anim-51"/>
		<instance_animation url="#id-anim-52"/>
		<instance_animation url="#id-anim-53"/>
		<instance_animation url="#id-anim-54"/>
		<instance_animation url="#id-anim-55"/>
		<instance_animation url="#id-anim-56"/>
		<instance_animation url="#id-anim-57"/>
		<instance_animation url="#id-anim-58"/>
		<instance_animation url="#id-anim-59"/>
		<instance_animation url="#id-anim-60"/>
		<instance_animation url="#id-anim-61"/>
		<instance_animation url="#id-anim-62"/>
		<instance_animation url="#id-anim-63"/>
		<instance_animation url="#id-anim-64"/>
		<instance_animation url="#id-anim-65"/>
		<instance_animation url="#id-anim-66"/>
		<instance_animation url="#id-anim-67"/>
		<instance_animation url="#id-anim-68"/>
		<instance_animation url="#id-anim-69"/>
		<instance_animation url="#id-anim-70"/>
		<instance_animation url="#id-anim-71"/>
		<instance_animation url="#id-anim-72"/>
		<instance_animation url="#id-anim-73"/>
	</animation_clip>
	<animation_clip name="CrouchWalk" start="0.0" end="1.6666666666666665">
		<instance_animation url="#id-anim-74"/>
		<instance_animation url="#id-anim-75"/>
		<instance_animation url="#id-anim-76"/>
		<instance_animation url="#id-anim-77"/>
		<instance_animation url="#id-anim-78"/>
		<instance_animation url="#id-anim-79"/>
		<instance_animation url="#id-anim-80"/>
		<instance_animation url="#id-anim-81"/>
		<instance_animation url="#id-anim-82"/>
		<instance_animation url="#id-anim-83"/>
		<instance_animation url="#id-anim-84"/>
		<instance_animation url="#id-anim-85"/>
		<instance_animation url="#id-anim-86"/>
		<instance_animation url="#id-anim-87"/>
		<instance_animation url="#id-anim-88"/>
		<instance_animation url="#id-anim-89"/>
		<instance_animation url="#id-anim-90"/>
		<instance_animation url="#id-anim-91"/>
		<instance_animation url="#id-anim-92"/>
		<instance_animation url="#id-anim-93"/>
		<instance_animation url="#id-anim-94"/>
		<instance_animation url="#id-anim-95"/>
		<instance_animation url="#id-anim-96"/>
		<instance_animation url="#id-anim-97"/>
		<instance_animation url="#id-anim-98"/>
		<instance_animation url="#id-anim-99"/>
		<instance_animation url="#id-anim-100"/>
		<instance_animation url="#id-anim-101"/>
		<instance_animation url="#id-anim-102"/>
		<instance_animation url="#id-anim-103"/>
		<instance_animation url="#id-anim-104"/>
		<instance_animation url="#id-anim-105"/>
		<instance_animation url="#id-anim-106"/>
		<instance_animation url="#id-anim-107"/>
		<instance_animation url="#id-anim-108"/>
		<instance_animation url="#id-anim-109"/>
	</animation_clip>
</library_animation_clips>
<library_visual_scenes>
	<visual_scene id="id-scene-1" name="scene">
		<node id="Armature" name="Armature" type="NODE">
			<matrix sid="transform"> 1.0 2.220445916901415e-16 -2.220445387505823e-16 -7.541701841479696e-16 2.220445784552517e-16 -1.6292068494294654e-07 1.0 -0.4398590326309204 2.220445519854721e-16 -1.0 -1.6292068494294654e-07 0.14612150192260742 0.0 0.0 0.0 1.0  </matrix>
			<node id="id-bone-3" sid="id-skelbones-2-0" name="hind_foot_r_IK" type="JOINT">
				<matrix sid="transform"> 1.0 0.0 0.0 0.40824660658836365 0.0 1.0 0.0 0.1236429214477539 0.0 0.0 1.0 -2.652369737625122 0.0 0.0 0.0 1.0  </matrix>
			</node>
			<node id="id-bone-4" sid="id-skelbones-2-1" name="hind_foot_l_IK" type="JOINT">
				<matrix sid="transform"> 1.0 0.0 0.0 -0.38157978653907776 0.0 1.0 0.0 -0.12914228439331055 0.0 0.0 1.0 -1.0695701837539673 0.0 0.0 0.0 1.0  </matrix>
			</node>
			<node id="id-bone-5" sid="id-skelbones-2-2" name="front_foot_l_IK" type="JOINT">
				<matrix sid="transform"> 1.0 0.0 0.0 -0.20833994448184967 0.0 0.9999999403953552 0.0 -0.10806846618652344 0.0 0.0 1.0 1.4781421422958374 0.0 0.0 0.0 1.0  </matrix>
			</node>
			<node id="id-bone-6" sid="id-skelbones-2-3" name="front_foot_r_IK" type="JOINT">
				<matrix sid="transform"> 1.0 0.0 0.0 0.30160731077194214 0.0 1.0 0.0 0.11356878280639648 0.0 0.0 1.0 2.243797779083252 0.0 0.0 0.0 1.0  </matrix>
			</node>
			<node id="id-bone-7" sid="id-skelbones-2-4" name="head_IK" type="JOINT">
				<matrix sid="transform"> -1.0 0.0 0.0 3.0103514946517576e-15 0.0 -1.0 0.0 -5.006250858306885 0.0 0.0 1.0 3.5796661376953125 0.0 0.0 0.0 1.0  </matrix>
			</node>
			<node id="id-bone-8" sid="id-skelbones-2-5" name="tail_IK" type="JOINT">
				<matrix sid="transform"> -1.0 0.0 0.0 0.06017088517546654 0.0 -1.0 0.0 -2.4930579662323 0.0 0.0 1.0 -2.8609719276428223 0.0 0.0 0.0 1.0  </matrix>
			</node>
			<node id="id-bone-9" sid="id-skelbones-2-6" name="RootBone" type="JOINT">
				<matrix sid="transform"> -1.0 0.0 0.0 -5.293955920339377e-23 0.0 -1.0 0.0 0.0 0.0 0.0 1.0 0.0 0.0 0.0 0.0 1.0  </matrix>
				<node id="id-bone-10" sid="id-skelbones-2-7" name="hips" type="JOINT">
					<matrix sid="transform"> -1.0 0.0 8.742277657347586e-08 -1.550815047194243e-15 8.742277657347586e-08 0.0 1.0 4.1479105949401855 0.0 1.0 0.0 -1.2768211364746094 0.0 0.0 0.0 1.0  </matrix>
					<node id="id-bone-11" sid="id-skelbones-2-8" name="spine01" type="JOINT">
						<matrix sid="transform"> 1.0 -1.059587639851145e-09 -1.5100218320185377e-07 1.550815047194243e-15 2.8896973702785544e-09 0.9999264478683472 0.012120271101593971 1.0 1.5097825212251337e-07 -0.012120271101593971 0.9999265670776367 0.0 0.0 0.0 0.0 1.0  </matrix>
						<node id="id-bone-12" sid="id-skelbones-2-9" name="spine02" type="JOINT">
							<matrix sid="transform"> 1.0 -1.5676491216254362e-08 -2.8615386327146553e-06 -8.290053078686618e-14 2.0379440002216143e-07 0.9978359937667847 0.06575196981430054 1.329921007156372 2.8543154257931747e-06 -0.06575197726488113 0.9978360533714294 -3.5297125577926636e-07 0.0 0.0 0.0 1.0  </matrix>
							<node id="id-bone-13" sid="id-skelbones-2-10" name="neck" type="JOINT">
								<matrix sid="transform"> -1.0 2.1545804429479176e-06 -2.3790726118022576e-06 -1.6883178611658972e-13 -1.0496546565263998e-07 0.718863844871521 0.6951510310173035 1.3459970951080322 3.207987447240157e-06 0.6951512098312378 -0.7188637852668762 2.086162567138672e-07 0.0 0.0 0.0 1.0  </matrix>
								<node id="id-bone-14" sid="id-skelbones-2-11" name="head" type="JOINT">
									<matrix sid="transform"> -1.0 -1.1897429885721067e-07 3.3139670563286927e-07 1.2512388484532417e-14 1.8785587485581345e-07 0.615768313407898 0.7879272699356079 1.5370533466339111 -2.978066788728029e-07 0.7879271507263184 -0.615768313407898 2.384185791015625e-07 0.0 0.0 0.0 1.0  </matrix>
									<node id="id-bone-15" sid="id-skelbones-2-12" name="jaw" type="JOINT">
										<matrix sid="transform"> -1.0 -7.598023188393199e-08 1.634267476902096e-07 -6.641050021016781e-08 -1.2410033889409533e-07 0.9478608965873718 -0.31868523359298706 0.3020864725112915 -1.3069202964288706e-07 -0.31868529319763184 -0.947860598564148 -0.2785465121269226 0.0 0.0 0.0 1.0  </matrix>
										<node id="id-bone-16" sid="id-skelbones-2-13" name="tongue" type="JOINT">
											<matrix sid="transform"> 1.0 3.9137651697274123e-07 -4.547271714727685e-08 -0.06017091125249863 -8.73697629799608e-08 0.10772651433944702 -0.9941807389259338 0.4372209906578064 -3.842003764020774e-07 0.9941807389259338 0.10772630572319031 -0.06781051307916641 0.0 0.0 0.0 1.0  </matrix>
										</node>
									</node>
									<node id="id-bone-17" sid="id-skelbones-2-14" name="ear_r" type="JOINT">
										<matrix sid="transform"> -1.0 2.3753339917220728e-07 -1.71513150348801e-07 1.0662972016461936e-07 -1.5043653434076987e-07 0.08605301380157471 0.9962906241416931 -0.04895973205566406 2.5141150672425283e-07 0.9962906837463379 -0.08605299890041351 0.4472390413284302 0.0 0.0 0.0 1.0  </matrix>
									</node>
									<node id="id-bone-18" sid="id-skelbones-2-15" name="ear_l" type="JOINT">
										<matrix sid="transform"> -1.0 2.375334986481903e-07 -1.7151312192709156e-07 1.1306427438739775e-07 -1.5043650591906044e-07 0.08605274558067322 0.9962906837463379 0.12046563625335693 2.5141144988083397e-07 0.996290922164917 -0.0860527902841568 0.4742276668548584 0.0 0.0 0.0 1.0  </matrix>
									</node>
								</node>
							</node>
							<node id="id-bone-19" sid="id-skelbones-2-16" name="front_thigh_r" type="JOINT">
								<matrix sid="transform"> 1.0 -2.427895651635481e-06 -1.9373921986698406e-06 0.3016050457954407 -5.368774758096606e-09 -0.625078022480011 0.7805623412132263 1.8884857892990112 -3.1061451863934053e-06 -0.7805623412132263 -0.6250779628753662 -0.7357358336448669 0.0 0.0 0.0 1.0  </matrix>
								<node id="id-bone-20" sid="id-skelbones-2-17" name="front_leg_r" type="JOINT">
									<matrix sid="transform"> 1.0 3.725291630729544e-09 -5.874264630278958e-09 3.908867896029733e-09 -6.735389579404227e-09 0.7295371294021606 -0.6839412450790405 1.3256958723068237 1.7376134975322088e-09 0.6839411854743958 0.7295371294021606 1.2665995541283337e-07 0.0 0.0 0.0 1.0  </matrix>
									<node id="id-bone-21" sid="id-skelbones-2-18" name="front_foot_r" type="JOINT">
										<matrix sid="transform"> 1.0 2.781057717066328e-16 -8.918262794921361e-10 -1.5538969000417069e-09 -3.1314154047556997e-10 0.936329185962677 -0.35112351179122925 1.6723533868789673 8.350428681858091e-10 0.35112351179122925 0.9363291263580322 6.451105605265184e-08 0.0 0.0 0.0 1.0  </matrix>
										<node id="id-bone-22" sid="id-skelbones-2-19" name="front_toe_r" type="JOINT">
											<matrix sid="transform"> 1.0 1.6540707692414003e-10 -2.40606084389583e-07 2.126562037574331e-09 -2.2137815847145248e-07 0.39235052466392517 -0.919815719127655 0.7746827006340027 9.424979197092398e-08 0.919815719127655 0.39235052466392517 8.19564220932989e-08 0.0 0.0 0.0 1.0  </matrix>
										</node>
									</node>
								</node>
							</node>
							<node id="id-bone-23" sid="id-skelbones-2-20" name="front_thigh_l" type="JOINT">
								<matrix sid="transform"> 1.0 -2.797387651298777e-06 -1.3269991541164927e-06 -0.2083420604467392 1.5459034052867082e-09 -0.42814168334007263 0.9037115573883057 1.0353914499282837 -3.0961753054725705e-06 -0.9037116765975952 -0.4281414747238159 -0.6810811758041382 0.0 0.0 0.0 1.0  </matrix>
								<node id="id-bone-24" sid="id-skelbones-2-21" name="front_leg_l" type="JOINT">
									<matrix sid="transform"> 1.0 -3.326598330133379e-09 1.1991700965552354e-09 -1.931312176850497e-08 3.5360341321677424e-09 0.9433057904243469 -0.33192482590675354 1.0334014892578125 -2.7003552172111256e-11 0.33192479610443115 0.9433058500289917 -2.2352015349724752e-08 0.0 0.0 0.0 1.0  </matrix>
									<node id="id-bone-25" sid="id-skelbones-2-22" name="front_foot_l" type="JOINT">
										<matrix sid="transform"> 1.0 3.163186934607154e-10 4.1371125275579956e-11 8.530495754222045e-11 -2.52290660585075e-10 0.8635386228561401 -0.5042827725410461 1.6697118282318115 -1.9523961614087426e-10 0.5042827725410461 0.8635385632514954 1.4900957800989545e-08 0.0 0.0 0.0 1.0  </matrix>
										<node id="id-bone-26" sid="id-skelbones-2-23" name="front_toe_l" type="JOINT">
											<matrix sid="transform"> 1.0 -1.6540725733538153e-10 -2.3806062188214128e-07 -1.5056180302508437e-08 -2.2003493427291687e-07 0.3810708522796631 -0.9245458841323853 0.7712031602859497 9.087089836157247e-08 0.9245458245277405 0.3810708820819855 1.2293445195155073e-07 0.0 0.0 0.0 1.0  </matrix>
										</node>
									</node>
								</node>
							</node>
						</node>
					</node>
					<node id="id-bone-27" sid="id-skelbones-2-24" name="hind_thigh_r" type="JOINT">
						<matrix sid="transform"> 1.0 -9.575953185958497e-08 1.5542722664463327e-08 0.40824657678604126 1.729794973925891e-09 0.1777881532907486 0.9840688109397888 -0.5137954950332642 -9.699728309442435e-08 -0.9840688109397888 0.17778807878494263 -0.49364665150642395 0.0 0.0 0.0 1.0  </matrix>
						<node id="id-bone-28" sid="id-skelbones-2-25" name="hind_leg_r" type="JOINT">
							<matrix sid="transform"> 1.0 8.995455047511314e-09 7.491925302360869e-09 -5.274737446825384e-08 -1.1508206831933876e-08 0.6380188465118408 0.7700209021568298 1.5561020374298096 2.1466988187057723e-09 -0.7700208425521851 0.6380188465118408 -1.1920928955078125e-07 0.0 0.0 0.0 1.0  </matrix>
							<node id="id-bone-29" sid="id-skelbones-2-26" name="hind_foot_r" type="JOINT">
								<matrix sid="transform"> 1.0 1.5801653319158504e-08 1.6597815344354672e-09 -2.8574347332721572e-09 -1.1707784075554173e-08 0.8034573197364807 -0.5953623652458191 1.6730210781097412 -1.0741273648307015e-08 0.5953623652458191 0.8034573197364807 -5.960464477539063e-08 0.0 0.0 0.0 1.0  </matrix>
								<node id="id-bone-30" sid="id-skelbones-2-27" name="hind_toe_r" type="JOINT">
									<matrix sid="transform"> 1.0 -4.787798491001638e-10 -2.203873918915633e-07 2.4590965708171098e-08 -2.2027730040008464e-07 -0.03384827822446823 -0.9994270205497742 0.9690313339233398 -6.981228040103815e-09 0.9994269609451294 -0.03384840488433838 2.7241185307502747e-07 0.0 0.0 0.0 1.0  </matrix>
								</node>
							</node>
						</node>
					</node>
					<node id="id-bone-31" sid="id-skelbones-2-28" name="hind_thigh_l" type="JOINT">
						<matrix sid="transform"> 1.0 -7.792964140662662e-08 4.9347967490120936e-08 -0.38157981634140015 3.255031799653807e-09 0.5644748210906982 0.8254503011703491 -0.29354894161224365 -9.21827307820422e-08 -0.8254503011703491 0.5644748210906982 -0.29791566729545593 0.0 0.0 0.0 1.0  </matrix>
						<node id="id-bone-32" sid="id-skelbones-2-29" name="hind_leg_l" type="JOINT">
							<matrix sid="transform"> 1.0 9.628417174667447e-09 4.801344211102787e-09 1.518595738048134e-08 -9.330237915605721e-09 0.5538285374641418 0.8326308727264404 1.529704213142395 5.357796428739903e-09 -0.8326308727264404 0.5538285374641418 1.1920928955078125e-07 0.0 0.0 0.0 1.0  </matrix>
							<node id="id-bone-33" sid="id-skelbones-2-30" name="hind_foot_l" type="JOINT">
								<matrix sid="transform"> 1.0 1.450698761118474e-08 2.4212886273744516e-07 -2.6278929254885952e-08 1.2775990398949943e-07 0.8170236945152283 -0.576603889465332 1.5864248275756836 -2.061897959038106e-07 0.576603889465332 0.8170238137245178 3.552713678800501e-15 0.0 0.0 0.0 1.0  </matrix>
								<node id="id-bone-34" sid="id-skelbones-2-31" name="hind_toe_l" type="JOINT">
									<matrix sid="transform"> 1.0 -2.3201235421765887e-07 -3.0601523803852615e-07 1.0121018689801531e-08 -2.0168104697404488e-07 0.3608339726924896 -0.9326299428939819 1.0141191482543945 3.268023931468633e-07 0.9326299428939819 0.3608340322971344 2.1565753627328377e-09 0.0 0.0 0.0 1.0  </matrix>
								</node>
							</node>
						</node>
					</node>
					<node id="id-bone-35" sid="id-skelbones-2-32" name="tail01" type="JOINT">
						<matrix sid="transform"> -1.0 -4.511356621605955e-08 5.520284958038246e-07 0.06017090007662773 -2.457401535593817e-07 -0.8570692539215088 -0.5152003765106201 -0.23846352100372314 4.963694664184004e-07 -0.5152007937431335 0.857069194316864 0.18604230880737305 0.0 0.0 0.0 1.0  </matrix>
						<node id="id-bone-36" sid="id-skelbones-2-33" name="tail02" type="JOINT">
							<matrix sid="transform"> -1.0 -2.723718921515683e-07 -5.426650204753969e-07 2.6197994884569198e-09 8.529141837243515e-08 0.8218673467636108 -0.5696790814399719 0.8257579207420349 6.011632081026619e-07 -0.5696790814399719 -0.8218673467636108 2.8707617616419157e-08 0.0 0.0 0.0 1.0  </matrix>
							<node id="id-bone-37" sid="id-skelbones-2-34" name="tail03" type="JOINT">
								<matrix sid="transform"> 1.0 8.749063340474095e-08 1.1655718878955668e-07 7.077005648170598e-12 -1.3942478460649e-07 0.807183027267456 0.5903011560440063 1.5525866746902466 -4.243717199869934e-08 -0.5903011560440063 0.807183027267456 -2.2935728338779882e-07 0.0 0.0 0.0 1.0  </matrix>
							</node>
						</node>
					</node>
				</node>
			</node>
		</node>
	</visual_scene>
</library_visual_scenes>
<library_animations>
	<animation id="id-anim-38">
		<source id="id-anim-38-input">
			<float_array id="id-anim-38-input-array" count="21"> 0.0 0.041666666666666664 0.08333333333333333 0.125 0.16666666666666666 0.20833333333333331 0.25 0.29166666666666663 0.3333333333333333 0.375 0.41666666666666663 0.4583333333333333 0.5 0.5416666666666666 0.5833333333333333 0.625 0.6666666666666666 0.7083333333333333 0.75 0.7916666666666666 0.8333333333333333</float_array>
			<technique_common>
				<accessor source="#id-anim-38-input-array" count="21" stride="1">
					<param name="TIME" type="float"/>
				</accessor>
			</technique_common>
		</source>
		<source id="id-anim-38-transform-output">
			<float_array id="id-anim-38-transform-output-array" count="336">  1.0 0.0 0.0 -0.20833994448184967 0.0 0.9999999403953552 0.0 -0.1080683171749115 0.0 0.0 1.0 0.5815147757530212 0.0 0.0 0.0 1.0    1.0 0.0 0.0 -0.20833994448184967 0.0 0.9999999403953552 0.0 -0.1080683171749115 0.0 0.0 1.0 0.5815147757530212 0.0 0.0 0.0 1.0    1.0 0.0 0.0 -0.20833994448184967 0.0 0.9999999403953552 0.0 -0.1080683171749115 0.0 0.0 1.0 0.5815147757530212 0.0 0.0 0.0 1.0    1.0 0.0 0.0 -0.20833994448184967 0.0 0.9999999403953552 0.0 -0.1080683171749115 0.0 0.0 1.0 0.5815147757530212 0.0 0.0 0.0 1.0    1.0 0.0 0.0 -0.20833994448184967 0.0 0.9999999403953552 0.0 -0.1080683171749115 0.0 0.0 1.0 0.5815147757530212 0.0 0.0 0.0 1.0    1.0 0.0 0.0 -0.20833994448184967 0.0 0.9999999403953552 0.0 -0.1080683171749115 0.0 0.0 1.0 0.5815147757530212 0.0 0.0 0.0 1.0    1.0 0.0 0.0 -0.20833994448184967 0.0 0.9999999403953552 0.0 -0.1080683171749115 0.0 0.0 1.0 0.5815147757530212 0.0 0.0 0.0 1.0    1.0 0.0 0.0 -0.20833994448184967 0.0 0.9999999403953552 0.0 -0.1080683171749115 0.0 0.0 1.0 0.5815147757530212 0.0 0.0 0.0 1.0    1.0 0.0 0.0 -0.20833994448184967 0.0 0.9999999403953552 0.0 -0.1080683171749115 0.0 0.0 1.0 0.5815147757530212 0.0 0.0 0.0 1.0    1.0 0.0 0.0 -0.20833994448184967 0.0 0.9999999403953552 0.0 -0.1080683171749115 0.0 0.0 1.0 0.5815147757530212 0.0 0.0 0.0 1.0    1.0 0.0 0.0 -0.20833994448184967 0.0 0.9999999403953552 0.0 -0.1080683171749115 0.0 0.0 1.0 0.5815147757530212 0.0 0.0 0.0 1.0    1.0 0.0 0.0 -0.20833994448184967 0.0 0.9999999403953552 0.0 -0.1080683171749115 0.0 0.0 1.0 0.5815147757530212 0.0 0.0 0.0 1.0    1.0 0.0 0.0 -0.20833994448184967 0.0 0.9999999403953552 0.0 -0.1080683171749115 0.0 0.0 1.0 0.5815147757530212 0.0 0.0 0.0 1.0    1.0 0.0 0.0 -0.20833994448184967 0.0 0.9999999403953552 0.0 -0.1080683171749115 0.0 0.0 1.0 0.5815147757530212 0.0 0.0 0.0 1.0    1.0 0.0 0.0 -0.20833994448184967 0.0 0.9999999403953552 0.0 -0.1080683171749115 0.0 0.0 1.0 0.5815147757530212 0.0 0.0 0.0 1.0    1.0 0.0 0.0 -0.20833994448184967 0.0 0.9999999403953552 0.0 -0.1080683171749115 0.0 0.0 1.0 0.5815147757530212 0.0 0.0 0.0 1.0    1.0 0.0 0.0 -0.20833994448184967 0.0 0.9999999403953552 0.0 -0.1080683171749115 0.0 0.0 1.0 0.5815147757530212 0.0 0.0 0.0 1.0    1.0 0.0 0.0 -0.20833994448184967 0.0 0.9999999403953552 0.0 -0.1080683171749115 0.0 0.0 1.0 0.5815147757530212 0.0 0.0 0.0 1.0    1.0 0.0 0.0 -0.20833994448184967 0.0 0.9999999403953552 0.0 -0.1080683171749115 0.0 0.0 1.0 0.5815147757530212 0.0 0.0 0.0 1.0    1.0 0.0 0.0 -0.20833994448184967 0.0 0.9999999403953552 0.0 -0.1080683171749115 0.0 0.0 1.0 0.5815147757530212 0.0 0.0 0.0 1.0    1.0 0.0 0.0 -0.20833994448184967 0.0 0.9999999403953552 0.0 -0.1080683171749115 0.0 0.0 1.0 0.5815147757530212 0.0 0.0 0.0 1.0  </float_array>
			<technique_common>
				<accessor source="#id-anim-38-transform-output-array" count="21" stride="16">
					<param name="TRANSFORM" type="float4x4"/>
				</accessor>
			</technique_common>
		</source>
		<source id="id-anim-38-interpolation-output">
			<Name_array id="id-anim-38-interpolation-output-array" count="21"> LINEAR LINEAR LINEAR LINEAR LINEAR LINEAR LINEAR LINEAR LINEAR LINEAR LINEAR LINEAR LINEAR LINEAR LINEAR LINEAR LINEAR LINEAR LINEAR LINEAR LINEAR</Name_array>
			<technique_common>
				<accessor source="#id-anim-38-interpolation-output-array" count="21" stride="1">
					<param name="INTERPOLATION" type="Name"/>
				</accessor>
			</technique_common>
		</source>
		<sampler id="id-anim-38-sampler">
			<input semantic="INPUT" source="#id-anim-38-input"/>
			<input semantic="OUTPUT" source="#id-anim-38-transform-output"/>
			<input semantic="INTERPOLATION" source="#id-anim-38-interpolation-output"/>
		</sampler>
		<channel source="#id-anim-38-sampler" target="id-bone-5/transform"/>
	</animation>
	<animation id="id-anim-39">
		<source id="id-anim-39-input">
			<float_array id="id-anim-39-input-array" count="21"> 0.0 0.041666666666666664 0.08333333333333333 0.125 0.16666666666666666 0.20833333333333331 0.25 0.29166666666666663 0.3333333333333333 0.375 0.41666666666666663 0.4583333333333333 0.5 0.5416666666666666 0.5833333333333333 0.625 0.6666666666666666 0.7083333333333333 0.75 0.7916666666666666 0.8333333333333333</float_array>
			<technique_common>
				<accessor source="#id-anim-39-input-array" count="21" stride="1">
					<param name="TIME" type="float"/>
				</accessor>
			</technique_common>
		</source>
		<source id="id-anim-39-transform-output">
			<float_array id="id-anim-39-transform-output-array" count="336">  1.0 0.0 0.0 0.40824660658836365 0.0 1.0 0.0 0.1236429214477539 0.0 0.0 1.0 -2.652369737625122 0.0 0.0 0.0 1.0    1.0 0.0 0.0 0.40824660658836365 0.0 1.0 0.0 0.1236429214477539 0.0 0.0 1.0 -2.652369737625122 0.0 0.0 0.0 1.0    1.0 0.0 0.0 0.40824660658836365 0.0 1.0 0.0 0.1236429214477539 0.0 0.0 1.0 -2.652369737625122 0.0 0.0 0.0 1.0    1.0 0.0 0.0 0.40824660658836365 0.0 1.0 0.0 0.1236429214477539 0.0 0.0 1.0 -2.652369737625122 0.0 0.0 0.0 1.0    1.0 0.0 0.0 0.40824660658836365 0.0 1.0 0.0 0.1236429214477539 0.0 0.0 1.0 -2.652369737625122 0.0 0.0 0.0 1.0    1.0 0.0 0.0 0.40824660658836365 0.0 1.0 0.0 0.1236429214477539 0.0 0.0 1.0 -2.652369737625122 0.0 0.0 0.0 1.0    1.0 0.0 0.0 0.40824660658836365 0.0 1.0 0.0 0.1236429214477539 0.0 0.0 1.0 -2.652369737625122 0.0 0.0 0.0 1.0    1.0 0.0 0.0 0.40824660658836365 0.0 1.0 0.0 0.1236429214477539 0.0 0.0 1.0 -2.652369737625122 0.0 0.0 0.0 1.0    1.0 0.0 0.0 0.40824660658836365 0.0 1.0 0.0 0.1236429214477539 0.0 0.0 1.0 -2.652369737625122 0.0 0.0 0.0 1.0    1.0 0.0 0.0 0.40824660658836365 0.0 1.0 0.0 0.1236429214477539 0.0 0.0 1.0 -2.652369737625122 0.0 0.0 0.0 1.0    1.0 0.0 0.0 0.40824660658836365 0.0 1.0 0.0 0.1236429214477539 0.0 0.0 1.0 -2.652369737625122 0.0 0.0 0.0 1.0    1.0 0.0 0.0 0.40824660658836365 0.0 1.0 0.0 0.1236429214477539 0.0 0.0 1.0 -2.652369737625122 0.0 0.0 0.0 1.0    1.0 0.0 0.0 0.40824660658836365 0.0 1.0 0.0 0.1236429214477539 0.0 0.0 1.0 -2.652369737625122 0.0 0.0 0.0 1.0    1.0 0.0 0.0 0.40824660658836365 0.0 1.0 0.0 0.1236429214477539 0.0 0.0 1.0 -2.652369737625122 0.0 0.0 0.0 1.0    1.0 0.0 0.0 0.40824660658836365 0.0 1.0 0.0 0.1236429214477539 0.0 0.0 1.0 -2.652369737625122 0.0 0.0 0.0 1.0    1.0 0.0 0.0 0.40824660658836365 0.0 1.0 0.0 0.1236429214477539 0.0 0.0 1.0 -2.652369737625122 0.0 0.0 0.0 1.0    1.0 0.0 0.0 0.40824660658836365 0.0 1.0 0.0 0.1236429214477539 0.0 0.0 1.0 -2.652369737625122 0.0 0.0 0.0 1.0    1.0 0.0 0.0 0.40824660658836365 0.0 1.0 0.0 0.1236429214477539 0.0 0.0 1.0 -2.652369737625122 0.0 0.0 0.0 1.0    1.0 0.0 0.0 0.40824660658836365 0.0 1.0 0.0 0.1236429214477539 0.0 0.0 1.0 -2.652369737625122 0.0 0.0 0.0 1.0    1.0 0.0 0.0 0.40824660658836365 0.0 1.0 0.0 0.1236429214477539 0.0 0.0 1.0 -2.652369737625122 0.0 0.0 0.0 1.0    1.0 0.0 0.0 0.40824660658836365 0.0 1.0 0.0 0.1236429214477539 0.0 0.0 1.0 -2.652369737625122 0.0 0.0 0.0 1.0  </float_array>
			<technique_common>
				<accessor source="#id-anim-39-transform-output-array" count="21" stride="16">
					<param name="TRANSFORM" type="float4x4"/>
				</accessor>
			</technique_common>
		</source>
		<source id="id-anim-39-interpolation-output">
			<Name_array id="id-anim-39-interpolation-output-array" count="21"> LINEAR LINEAR LINEAR LINEAR LINEAR LINEAR LINEAR LINEAR LINEAR LINEAR LINEAR LINEAR LINEAR LINEAR LINEAR LINEAR LINEAR LINEAR LINEAR LINEAR LINEAR</Name_array>
			<technique_common>
				<accessor source="#id-anim-39-interpolation-output-array" count="21" stride="1">
					<param name="INTERPOLATION" type="Name"/>
				</accessor>
			</technique_common>
		</source>
		<sampler id="id-anim-39-sampler">
			<input semantic="INPUT" source="#id-anim-39-input"/>
			<input semantic="OUTPUT" source="#id-anim-39-transform-output"/>
			<input semantic="INTERPOLATION" source="#id-anim-39-interpolation-output"/>
		</sampler>
		<channel source="#id-anim-39-sampler" target="id-bone-3/transform"/>
	</animation>
	<animation id="id-anim-40">
		<source id="id-anim-40-input">
			<float_array id="id-anim-40-input-array" count="21"> 0.0 0.041666666666666664 0.08333333333333333 0.125 0.16666666666666666 0.20833333333333331 0.25 0.29166666666666663 0.3333333333333333 0.375 0.41666666666666663 0.4583333333333333 0.5 0.5416666666666666 0.5833333333333333 0.625 0.6666666666666666 0.7083333333333333 0.75 0.7916666666666666 0.8333333333333333</float_array>
			<technique_common>
				<accessor source="#id-anim-40-input-array" count="21" stride="1">
					<param name="TIME" type="float"/>
				</accessor>
			</technique_common>
		</source>
		<source id="id-anim-40-transform-output">
			<float_array id="id-anim-40-transform-output-array" count="336">  1.0 -7.274236679677415e-08 1.2710752628208866e-07 0.40824657678604126 2.1770933500420142e-08 0.9321157932281494 0.36216068267822266 -0.5137953758239746 -1.4482338883681223e-07 -0.36216095089912415 0.9321155548095703 -0.49364665150642395 0.0 0.0 0.0 1.0    1.0 -7.257571610352898e-08 1.272930205686862e-07 0.40824657678604126 2.174727598003301e-08 0.932611882686615 0.3608812391757965 -0.5137954950332642 -1.4490622390894714e-07 -0.360881507396698 0.9326116442680359 -0.49364665150642395 0.0 0.0 0.0 1.0    1.0 -7.205392194009619e-08 1.2787023706550826e-07 0.40824654698371887 2.1681753281654892e-08 0.9341673254966736 0.3568355143070221 -0.5137956142425537 -1.4516361090954888e-07 -0.3568357825279236 0.9341671466827393 -0.49364665150642395 0.0 0.0 0.0 1.0    1.0 -6.429645793559757e-08 1.3443944624214055e-07 0.40824654698371887 1.3090594386255816e-08 0.93654865026474 0.3505379557609558 -0.5137954950332642 -1.4844745521713776e-07 -0.3505382239818573 0.9365484118461609 -0.49364665150642395 0.0 0.0 0.0 1.0    1.0 -7.00942663911519e-08 1.2996110854146536e-07 0.40824654698371887 2.1378415482331548e-08 0.9396006464958191 0.34227296710014343 -0.5137953758239746 -1.4610293419536902e-07 -0.3422732353210449 0.9396005272865295 -0.49364665150642395 0.0 0.0 0.0 1.0    1.0 -6.878667591081467e-08 1.3129840681358473e-07 0.40824654698371887 2.1158097496254413e-08 0.9429715871810913 0.33287346363067627 -0.5137956142425537 -1.4670794712401403e-07 -0.33287376165390015 0.9429714679718018 -0.49364665150642395 0.0 0.0 0.0 1.0    1.0 -5.992242080310461e-08 1.3834055323513894e-07 0.40824654698371887 1.1956868384288555e-08 0.9462493062019348 0.3234383761882782 -0.5137954950332642 -1.5028589928078873e-07 -0.3234386444091797 0.9462490677833557 -0.49364665150642395 0.0 0.0 0.0 1.0    1.0 -5.8509389333494255e-08 1.3952572430753207e-07 0.40824654698371887 1.1567078850305279e-08 0.9490644931793213 0.3150821924209595 -0.5137953758239746 -1.5085420557170437e-07 -0.31508249044418335 0.9490642547607422 -0.49364665150642395 0.0 0.0 0.0 1.0    1.0 -5.740513842056316e-08 1.4042842622075113e-07 0.40824654698371887 1.1254680742922574e-08 0.9511667490005493 0.3086777925491333 -0.5137954950332642 -1.5129056407658936e-07 -0.3086780607700348 0.951166570186615 -0.49364665150642395 0.0 0.0 0.0 1.0    1.0 -5.671556380093534e-08 1.4098205269874597e-07 0.40824654698371887 1.1056229709538457e-08 0.9524380564689636 0.30473244190216064 -0.5137953758239746 -1.5155978871916886e-07 -0.3047327399253845 0.9524378776550293 -0.49364665150642395 0.0 0.0 0.0 1.0    1.0 -6.446327205367197e-08 1.354264611563849e-07 0.40824657678604126 2.033306145676761e-08 0.9528567790985107 0.3034205436706543 -0.5137953758239746 -1.486015435148147e-07 -0.3034207820892334 0.952856719493866 -0.4936467707157135 0.0 0.0 0.0 1.0    1.0 -5.671556380093534e-08 1.4098205269874597e-07 0.40824657678604126 1.1056229709538457e-08 0.9524380564689636 0.30473244190216064 -0.5137953758239746 -1.5155978871916886e-07 -0.3047327399253845 0.9524378776550293 -0.49364665150642395 0.0 0.0 0.0 1.0    1.0 -5.740513842056316e-08 1.4042842622075113e-07 0.40824657678604126 1.1254680742922574e-08 0.9511667490005493 0.3086777925491333 -0.5137954950332642 -1.5129056407658936e-07 -0.3086780607700348 0.951166570186615 -0.49364665150642395 0.0 0.0 0.0 1.0    1.0 -5.8509389333494255e-08 1.3952572430753207e-07 0.40824657678604126 1.1567078850305279e-08 0.9490644931793213 0.3150821924209595 -0.5137953758239746 -1.5085420557170437e-07 -0.31508249044418335 0.9490642547607422 -0.49364665150642395 0.0 0.0 0.0 1.0    1.0 -5.992242790853197e-08 1.3834056744599366e-07 0.40824657678604126 1.1956871937002234e-08 0.94624924659729 0.3234384059906006 -0.5137954950332642 -1.50285885069934e-07 -0.32343870401382446 0.9462491869926453 -0.4936467707157135 0.0 0.0 0.0 1.0    1.0 -6.878667591081467e-08 1.3129839260273002e-07 0.40824657678604126 2.1158097496254413e-08 0.9429715871810913 0.33287349343299866 -0.5137956142425537 -1.467079329131593e-07 -0.33287376165390015 0.9429714679718018 -0.4936465322971344 0.0 0.0 0.0 1.0    1.0 -7.00942663911519e-08 1.2996110854146536e-07 0.40824657678604126 2.1378415482331548e-08 0.9396006464958191 0.34227296710014343 -0.5137953758239746 -1.4610293419536902e-07 -0.3422732353210449 0.9396005272865295 -0.49364665150642395 0.0 0.0 0.0 1.0    1.0 -6.429645793559757e-08 1.3443944624214055e-07 0.40824657678604126 1.3090594386255816e-08 0.93654865026474 0.3505379557609558 -0.5137954950332642 -1.4844745521713776e-07 -0.3505382239818573 0.9365484118461609 -0.49364665150642395 0.0 0.0 0.0 1.0    1.0 -7.205392194009619e-08 1.2787022285465355e-07 0.40824657678604126 2.1681753281654892e-08 0.9341673254966736 0.3568355143070221 -0.5137956142425537 -1.4516361090954888e-07 -0.3568357825279236 0.9341671466827393 -0.49364665150642395 0.0 0.0 0.0 1.0    1.0 -7.257571610352898e-08 1.272930205686862e-07 0.40824657678604126 2.174727598003301e-08 0.932611882686615 0.3608812391757965 -0.5137954950332642 -1.4490622390894714e-07 -0.360881507396698 0.9326116442680359 -0.49364665150642395 0.0 0.0 0.0 1.0    1.0 -7.274236679677415e-08 1.2710752628208866e-07 0.40824657678604126 2.1770933500420142e-08 0.9321157932281494 0.36216068267822266 -0.5137953758239746 -1.4482338883681223e-07 -0.36216095089912415 0.9321155548095703 -0.49364665150642395 0.0 0.0 0.0 1.0  </float_array>
			<technique_common>
				<accessor source="#id-anim-40-transform-output-array" count="21" stride="16">
					<param name="TRANSFORM" type="float4x4"/>
				</accessor>
			</technique_common>
		</source>
		<source id="id-anim-40-interpolation-output">
			<Name_array id="id-anim-40-interpolation-output-array" count="21"> LINEAR LINEAR LINEAR LINEAR LINEAR LINEAR LINEAR LINEAR LINEAR LINEAR LINEAR LINEAR LINEAR LINEAR LINEAR LINEAR LINEAR LINEAR LINEAR LINEAR LINEAR</Name_array>
			<technique_common>
				<accessor source="#id-anim-40-interpolation-output-array" count="21" stride="1">
					<param name="INTERPOLATION" type="Name"/>
				</accessor>
			</technique_common>
		</source>
		<sampler id="id-anim-40-sampler">
			<input semantic="INPUT" source="#id-anim-40-input"/>
			<input semantic="OUTPUT" source="#id-anim-40-transform-output"/>
			<input semantic="INTERPOLATION" source="#id-anim-40-interpolation-output"/>
		</sampler>
		<channel source="#id-anim-40-sampler" target="id-bone-27/transform"/>
	</animation>
	<animation id="id-anim-41">
		<source id="id-anim-41-input">
			<float_array id="id-anim-41-input-array" count="21"> 0.0 0.041666666666666664 0.08333333333333333 0.125 0.16666666666666666 0.20833333333333331 0.25 0.29166666666666663 0.3333333333333333 0.375 0.41666666666666663 0.4583333333333333 0.5 0.5416666666666666 0.5833333333333333 0.625 0.6666666666666666 0.7083333333333333 0.75 0.7916666666666666 0.8333333333333333</float_array>
			<technique_common>
				<accessor source="#id-anim-41-input-array" count="21" stride="1">
					<param name="TIME" type="float"/>
				</accessor>
			</technique_common>
		</source>
		<source id="id-anim-41-transform-output">
			<float_array id="id-anim-41-transform-output-array" count="336">  1.0 -9.622702634715097e-09 4.236586192973846e-09 -1.808176897100111e-08 4.0012726465477044e-09 -0.024322649464011192 -0.9997045397758484 1.6723532676696777 9.722900706776727e-09 0.9997041821479797 -0.02432258613407612 -1.8484382025008017e-08 0.0 0.0 0.0 1.0    1.0 -1.1221888307488825e-08 5.1797259814634344e-09 -2.1043105036255838e-08 4.8826009901858924e-09 -0.026318570598959923 -0.9996540546417236 1.6723532676696777 1.1354331697077669e-08 0.9996535181999207 -0.0263186227530241 1.6595198815139156e-07 0.0 0.0 0.0 1.0    1.0 -1.1382542908222604e-08 5.280528458939671e-09 1.5320436475008137e-08 4.9097281795695835e-09 -0.03233479708433151 -0.9994775652885437 1.6723535060882568 1.1547346190354801e-08 0.999476969242096 -0.03233487904071808 1.2238696456279285e-07 0.0 0.0 0.0 1.0    1.0 2.9104452181627494e-10 6.570549437867612e-09 4.441016443479384e-09 6.57698207007229e-09 -0.04214642569422722 -0.9991116523742676 1.6723533868789673 1.4887302057786655e-08 0.9991115927696228 -0.04214632883667946 6.722876122466914e-08 0.0 0.0 0.0 1.0    1.0 -1.0823046459051966e-08 4.966406397244327e-09 3.662794867409502e-08 4.363238659266244e-09 -0.05503455922007561 -0.9984849691390991 1.6723533868789673 1.1079968054161782e-08 0.998484194278717 -0.05503467097878456 1.6254639945145755e-07 0.0 0.0 0.0 1.0    1.0 1.67888414281947e-09 5.357733368072104e-09 4.118551188980746e-08 5.461725294253483e-09 -0.06970980018377304 -0.9975678324699402 1.6723536252975464 1.35998412531535e-08 0.9975672960281372 -0.06970983743667603 1.0709864994851159e-07 0.0 0.0 0.0 1.0    1.0 -1.0743091749532141e-08 4.931946850916802e-09 8.55172377356439e-09 4.006918796761738e-09 -0.08446408063173294 -0.9964269399642944 1.6723533868789673 1.1121275456105195e-08 0.996426522731781 -0.08446411043405533 1.5287524579576939e-09 0.0 0.0 0.0 1.0    1.0 -1.7973125210346552e-09 7.0683490172029906e-09 -7.550504221853771e-09 6.8593002389150115e-09 -0.09755325317382812 -0.9952306151390076 1.6723533868789673 1.7379443661980076e-08 0.9952302575111389 -0.09755323082208633 -5.530419144861298e-08 0.0 0.0 0.0 1.0    1.0 -1.5099956840458617e-08 7.603983220860755e-09 1.2585788411456633e-08 5.935056890393753e-09 -0.10760136693716049 -0.9941943883895874 1.6723532676696777 1.583048714337565e-08 0.9941942095756531 -0.10760130733251572 9.643925835689515e-08 0.0 0.0 0.0 1.0    1.0 -1.0328514044033454e-08 4.681916632165439e-09 1.98225329484103e-08 3.476131826829487e-09 -0.113798588514328 -0.9935041666030884 1.6723536252975464 1.079421707572692e-08 0.9935039281845093 -0.11379852890968323 9.593547645181388e-08 0.0 0.0 0.0 1.0    1.0 2.7641924305044085e-09 4.004843567884109e-09 -2.3011168082121003e-08 4.298144951064842e-09 -0.11586064845323563 -0.9932659268379211 1.6723535060882568 1.2619581823969384e-08 0.9932655096054077 -0.11586058139801025 1.5834878297482646e-08 0.0 0.0 0.0 1.0    1.0 -1.0328512267676615e-08 4.681903753578354e-09 1.9822449459638847e-08 3.476131826829487e-09 -0.113798588514328 -0.9935041666030884 1.6723536252975464 1.079421707572692e-08 0.9935039281845093 -0.11379852890968323 9.593547645181388e-08 0.0 0.0 0.0 1.0    1.0 -1.5099956840458617e-08 7.603983220860755e-09 1.2585788411456633e-08 5.935056890393753e-09 -0.10760136693716049 -0.9941943883895874 1.6723532676696777 1.583048714337565e-08 0.9941942095756531 -0.10760130733251572 9.643925835689515e-08 0.0 0.0 0.0 1.0    1.0 -1.7973125210346552e-09 7.0683490172029906e-09 -7.550504221853771e-09 6.8593002389150115e-09 -0.09755325317382812 -0.9952306151390076 1.6723533868789673 1.7379443661980076e-08 0.9952302575111389 -0.09755323082208633 -5.530419144861298e-08 0.0 0.0 0.0 1.0    1.0 -1.0742967404553383e-08 4.931878461178485e-09 1.0355722501742548e-08 4.006869502859445e-09 -0.08446397632360458 -0.9964268803596497 1.6723532676696777 1.1121148446591178e-08 0.9964266419410706 -0.0844639390707016 1.9943444673486965e-09 0.0 0.0 0.0 1.0    1.0 1.6789489798441082e-09 5.357692955954008e-09 7.529934009653516e-08 5.461692431651954e-09 -0.06970974057912827 -0.9975676536560059 1.6723535060882568 1.35997826333778e-08 0.9975674152374268 -0.06970971822738647 1.0407185158101129e-07 0.0 0.0 0.0 1.0    1.0 -1.0823046459051966e-08 4.966406397244327e-09 3.662794867409502e-08 4.363238659266244e-09 -0.05503455922007561 -0.9984849691390991 1.6723533868789673 1.1079968054161782e-08 0.998484194278717 -0.05503467097878456 1.6254639945145755e-07 0.0 0.0 0.0 1.0    1.0 2.9104452181627494e-10 6.570549437867612e-09 4.441016443479384e-09 6.57698207007229e-09 -0.04214642569422722 -0.9991116523742676 1.6723533868789673 1.4887302057786655e-08 0.9991115927696228 -0.04214632883667946 6.722876122466914e-08 0.0 0.0 0.0 1.0    1.0 -1.1382546460936283e-08 5.280543113883596e-09 1.5320374302518758e-08 4.9097281795695835e-09 -0.03233479708433151 -0.9994775652885437 1.6723535060882568 1.1547346190354801e-08 0.999476969242096 -0.03233487904071808 1.2238696456279285e-07 0.0 0.0 0.0 1.0    1.0 -1.1221888307488825e-08 5.1797259814634344e-09 -2.1043105036255838e-08 4.8826009901858924e-09 -0.026318570598959923 -0.9996540546417236 1.6723532676696777 1.1354331697077669e-08 0.9996535181999207 -0.0263186227530241 1.6595198815139156e-07 0.0 0.0 0.0 1.0    1.0 -9.622702634715097e-09 4.236586192973846e-09 -1.808176897100111e-08 4.0012726465477044e-09 -0.024322649464011192 -0.9997045397758484 1.6723532676696777 9.722900706776727e-09 0.9997041821479797 -0.02432258613407612 -1.8484382025008017e-08 0.0 0.0 0.0 1.0  </float_array>
			<technique_common>
				<accessor source="#id-anim-41-transform-output-array" count="21" stride="16">
					<param name="TRANSFORM" type="float4x4"/>
				</accessor>
			</technique_common>
		</source>
		<source id="id-anim-41-interpolation-output">
			<Name_array id="id-anim-41-interpolation-output-array" count="21"> LINEAR LINEAR LINEAR LINEAR LINEAR LINEAR LINEAR LINEAR LINEAR LINEAR LINEAR LINEAR LINEAR LINEAR LINEAR LINEAR LINEAR LINEAR LINEAR LINEAR LINEAR</Name_array>
			<technique_common>
				<accessor source="#id-anim-41-interpolation-output-array" count="21" stride="1">
					<param name="INTERPOLATION" type="Name"/>
				</accessor>
			</technique_common>
		</source>
		<sampler id="id-anim-41-sampler">
			<input semantic="INPUT" source="#id-anim-41-input"/>
			<input semantic="OUTPUT" source="#id-anim-41-transform-output"/>
			<input semantic="INTERPOLATION" source="#id-anim-41-interpolation-output"/>
		</sampler>
		<channel source="#id-anim-41-sampler" target="id-bone-21/transform"/>
	</animation>
	<animation id="id-anim-42">
		<source id="id-anim-42-input">
