<?xml version="1.0" encoding="utf-8"?>
<COLLADA xmlns="http://www.collada.org/2005/11/COLLADASchema" version="1.4.1">
<asset>
	<contributor>
		<author>Anonymous</author>
		<authoring_tool>Collada Exporter for Blender 2.6+, by Juan Linietsky (juan@codenix.com)</authoring_tool>
	</contributor>
	<created>2018-06-16T19:38:08Z</created>
	<modified>2018-06-16T19:38:08Z</modified>
	<unit meter="1.0" name="meter"/>
	<up_axis>Z_UP</up_axis>
</asset>
<library_animation_clips>
	<animation_clip name="Idle" start="0.0" end="1.0">
		<instance_animation url="#id-anim-38"/>
		<instance_animation url="#id-anim-39"/>
		<instance_animation url="#id-anim-40"/>
		<instance_animation url="#id-anim-41"/>
		<instance_animation url="#id-anim-42"/>
		<instance_animation url="#id-anim-43"/>
		<instance_animation url="#id-anim-44"/>
		<instance_animation url="#id-anim-45"/>
		<instance_animation url="#id-anim-46"/>
		<instance_animation url="#id-anim-47"/>
		<instance_animation url="#id-anim-48"/>
		<instance_animation url="#id-anim-49"/>
		<instance_animation url="#id-anim-50"/>
		<instance_animation url="#id-anim-51"/>
		<instance_animation url="#id-anim-52"/>
		<instance_animation url="#id-anim-53"/>
		<instance_animation url="#id-anim-54"/>
		<instance_animation url="#id-anim-55"/>
		<instance_animation url="#id-anim-56"/>
		<instance_animation url="#id-anim-57"/>
		<instance_animation url="#id-anim-58"/>
		<instance_animation url="#id-anim-59"/>
		<instance_animation url="#id-anim-60"/>
		<instance_animation url="#id-anim-61"/>
		<instance_animation url="#id-anim-62"/>
		<instance_animation url="#id-anim-63"/>
		<instance_animation url="#id-anim-64"/>
		<instance_animation url="#id-anim-65"/>
		<instance_animation url="#id-anim-66"/>
		<instance_animation url="#id-anim-67"/>
		<instance_animation url="#id-anim-68"/>
		<instance_animation url="#id-anim-69"/>
		<instance_animation url="#id-anim-70"/>
		<instance_animation url="#id-anim-71"/>
		<instance_animation url="#id-anim-72"/>
		<instance_animation url="#id-anim-73"/>
	</animation_clip>
	<animation_clip name="Walk" start="0.0" end="1.25">
		<instance_animation url="#id-anim-74"/>
		<instance_animation url="#id-anim-75"/>
		<instance_animation url="#id-anim-76"/>
		<instance_animation url="#id-anim-77"/>
		<instance_animation url="#id-anim-78"/>
		<instance_animation url="#id-anim-79"/>
		<instance_animation url="#id-anim-80"/>
		<instance_animation url="#id-anim-81"/>
		<instance_animation url="#id-anim-82"/>
		<instance_animation url="#id-anim-83"/>
		<instance_animation url="#id-anim-84"/>
		<instance_animation url="#id-anim-85"/>
		<instance_animation url="#id-anim-86"/>
		<instance_animation url="#id-anim-87"/>
		<instance_animation url="#id-anim-88"/>
		<instance_animation url="#id-anim-89"/>
		<instance_animation url="#id-anim-90"/>
		<instance_animation url="#id-anim-91"/>
		<instance_animation url="#id-anim-92"/>
		<instance_animation url="#id-anim-93"/>
		<instance_animation url="#id-anim-94"/>
		<instance_animation url="#id-anim-95"/>
		<instance_animation url="#id-anim-96"/>
		<instance_animation url="#id-anim-97"/>
		<instance_animation url="#id-anim-98"/>
		<instance_animation url="#id-anim-99"/>
		<instance_animation url="#id-anim-100"/>
		<instance_animation url="#id-anim-101"/>
		<instance_animation url="#id-anim-102"/>
		<instance_animation url="#id-anim-103"/>
		<instance_animation url="#id-anim-104"/>
		<instance_animation url="#id-anim-105"/>
		<instance_animation url="#id-anim-106"/>
		<instance_animation url="#id-anim-107"/>
		<instance_animation url="#id-anim-108"/>
		<instance_animation url="#id-anim-109"/>
	</animation_clip>
</library_animation_clips>
<library_visual_scenes>
	<visual_scene id="id-scene-1" name="scene">
		<node id="Armature" name="Armature" type="NODE">
			<matrix sid="transform"> 1.0 2.220445916901415e-16 -2.220445387505823e-16 -7.541701841479696e-16 2.220445784552517e-16 -1.6292068494294654e-07 1.0 -0.4398590326309204 2.220445519854721e-16 -1.0 -1.6292068494294654e-07 0.14612150192260742 0.0 0.0 0.0 1.0  </matrix>
			<node id="id-bone-3" sid="id-skelbones-2-0" name="hind_foot_r_IK" type="JOINT">
				<matrix sid="transform"> 1.0 -2.220446049250313e-16 0.0 -6.515686597305826e-16 2.220446049250313e-16 1.0 0.0 0.1236429214477539 0.0 0.0 1.0 -2.652369737625122 0.0 0.0 0.0 1.0  </matrix>
			</node>
			<node id="id-bone-4" sid="id-skelbones-2-1" name="hind_foot_l_IK" type="JOINT">
				<matrix sid="transform"> 1.0 -2.220446049250313e-16 0.0 -1.5699310985061148e-16 2.220446049250313e-16 1.0 0.0 -0.12914228439331055 0.0 0.0 1.0 -1.0695701837539673 0.0 0.0 0.0 1.0  </matrix>
			</node>
			<node id="id-bone-5" sid="id-skelbones-2-2" name="front_foot_l_IK" type="JOINT">
				<matrix sid="transform"> 1.0 -2.220445916901415e-16 0.0 3.684895076043666e-16 2.220445916901415e-16 0.9999999403953552 0.0 -0.10806846618652344 0.0 0.0 1.0 1.4781421422958374 0.0 0.0 0.0 1.0  </matrix>
			</node>
			<node id="id-bone-6" sid="id-skelbones-2-3" name="front_foot_r_IK" type="JOINT">
				<matrix sid="transform"> 1.0 -2.220446049250313e-16 0.0 4.400725796141827e-16 2.220446049250313e-16 1.0 0.0 0.11356878280639648 0.0 0.0 1.0 2.243797779083252 0.0 0.0 0.0 1.0  </matrix>
			</node>
			<node id="id-bone-7" sid="id-skelbones-2-4" name="head_IK" type="JOINT">
				<matrix sid="transform"> -1.0 0.0 0.0 3.0103514946517576e-15 0.0 -1.0 0.0 -5.006250858306885 0.0 0.0 1.0 3.5796661376953125 0.0 0.0 0.0 1.0  </matrix>
			</node>
			<node id="id-bone-8" sid="id-skelbones-2-5" name="tail_IK" type="JOINT">
				<matrix sid="transform"> -1.0 0.0 0.0 0.06017088517546654 0.0 -1.0 0.0 -2.4930579662323 0.0 0.0 1.0 -2.8609719276428223 0.0 0.0 0.0 1.0  </matrix>
			</node>
			<node id="id-bone-9" sid="id-skelbones-2-6" name="RootBone" type="JOINT">
				<matrix sid="transform"> -1.0 0.0 0.0 -5.293955920339377e-23 0.0 -1.0 0.0 0.0 0.0 0.0 1.0 0.0 0.0 0.0 0.0 1.0  </matrix>
				<node id="id-bone-10" sid="id-skelbones-2-7" name="hips" type="JOINT">
					<matrix sid="transform"> -1.0 0.0 8.742277657347586e-08 -1.550815047194243e-15 8.742277657347586e-08 0.0 1.0 4.1479105949401855 0.0 1.0 0.0 -1.2768211364746094 0.0 0.0 0.0 1.0  </matrix>
					<node id="id-bone-11" sid="id-skelbones-2-8" name="spine01" type="JOINT">
						<matrix sid="transform"> 1.0 -1.059587639851145e-09 -1.5100218320185377e-07 1.550815047194243e-15 2.8896973702785544e-09 0.9999264478683472 0.012120271101593971 1.0 1.5097825212251337e-07 -0.012120271101593971 0.9999265670776367 0.0 0.0 0.0 0.0 1.0  </matrix>
						<node id="id-bone-12" sid="id-skelbones-2-9" name="spine02" type="JOINT">
							<matrix sid="transform"> 1.0 -1.5676491216254362e-08 -2.8615386327146553e-06 -8.290053078686618e-14 2.0379440002216143e-07 0.9978359937667847 0.06575196981430054 1.329921007156372 2.8543154257931747e-06 -0.06575197726488113 0.9978360533714294 -3.5297125577926636e-07 0.0 0.0 0.0 1.0  </matrix>
							<node id="id-bone-13" sid="id-skelbones-2-10" name="neck" type="JOINT">
								<matrix sid="transform"> -1.0 2.1545804429479176e-06 -2.3790726118022576e-06 -1.6883178611658972e-13 -1.0496546565263998e-07 0.718863844871521 0.6951510310173035 1.3459970951080322 3.207987447240157e-06 0.6951512098312378 -0.7188637852668762 2.086162567138672e-07 0.0 0.0 0.0 1.0  </matrix>
								<node id="id-bone-14" sid="id-skelbones-2-11" name="head" type="JOINT">
									<matrix sid="transform"> -1.0 -1.1897429885721067e-07 3.3139670563286927e-07 1.2512388484532417e-14 1.8785587485581345e-07 0.615768313407898 0.7879272699356079 1.5370533466339111 -2.978066788728029e-07 0.7879271507263184 -0.615768313407898 2.384185791015625e-07 0.0 0.0 0.0 1.0  </matrix>
									<node id="id-bone-15" sid="id-skelbones-2-12" name="jaw" type="JOINT">
										<matrix sid="transform"> -1.0 -7.598023188393199e-08 1.634267476902096e-07 -6.641050021016781e-08 -1.2410033889409533e-07 0.9478608965873718 -0.31868523359298706 0.3020864725112915 -1.3069202964288706e-07 -0.31868529319763184 -0.947860598564148 -0.2785465121269226 0.0 0.0 0.0 1.0  </matrix>
										<node id="id-bone-16" sid="id-skelbones-2-13" name="tongue" type="JOINT">
											<matrix sid="transform"> 1.0 3.9137651697274123e-07 -4.547271714727685e-08 -0.06017091125249863 -8.73697629799608e-08 0.10772651433944702 -0.9941807389259338 0.4372209906578064 -3.842003764020774e-07 0.9941807389259338 0.10772630572319031 -0.06781051307916641 0.0 0.0 0.0 1.0  </matrix>
										</node>
									</node>
									<node id="id-bone-17" sid="id-skelbones-2-14" name="ear_r" type="JOINT">
										<matrix sid="transform"> -1.0 2.3753339917220728e-07 -1.71513150348801e-07 1.0662972016461936e-07 -1.5043653434076987e-07 0.08605301380157471 0.9962906241416931 -0.04895973205566406 2.5141150672425283e-07 0.9962906837463379 -0.08605299890041351 0.4472390413284302 0.0 0.0 0.0 1.0  </matrix>
									</node>
									<node id="id-bone-18" sid="id-skelbones-2-15" name="ear_l" type="JOINT">
										<matrix sid="transform"> -1.0 2.375334986481903e-07 -1.7151312192709156e-07 1.1306427438739775e-07 -1.5043650591906044e-07 0.08605274558067322 0.9962906837463379 0.12046563625335693 2.5141144988083397e-07 0.996290922164917 -0.0860527902841568 0.4742276668548584 0.0 0.0 0.0 1.0  </matrix>
									</node>
								</node>
							</node>
							<node id="id-bone-19" sid="id-skelbones-2-16" name="front_thigh_r" type="JOINT">
								<matrix sid="transform"> 1.0 -2.4193072931666393e-06 -1.9373926534171915e-06 -2.280367425555596e-06 -4.640903004775321e-13 -0.625078022480011 0.7805623412132263 1.8884856700897217 -3.099441755693988e-06 -0.7805623412132263 -0.6250779628753662 -0.7357349395751953 0.0 0.0 0.0 1.0  </matrix>
								<node id="id-bone-20" sid="id-skelbones-2-17" name="front_leg_r" type="JOINT">
									<matrix sid="transform"> 1.0 -4.44085927597392e-16 1.3234889800848443e-23 0.0 3.239325040843566e-16 0.7295370697975159 -0.6839412450790405 1.3256959915161133 3.0375279114897014e-16 0.6839412450790405 0.7295371294021606 -1.1175870895385742e-07 0.0 0.0 0.0 1.0  </matrix>
									<node id="id-bone-21" sid="id-skelbones-2-18" name="front_foot_r" type="JOINT">
										<matrix sid="transform"> 1.0 7.795860297701556e-17 -9.466534186231647e-17 -1.3102167702212029e-20 -1.062247078492673e-16 0.936329185962677 -0.35112348198890686 1.6723533868789673 6.122352819265103e-17 0.35112348198890686 0.9363292455673218 1.8232745091495417e-08 0.0 0.0 0.0 1.0  </matrix>
										<node id="id-bone-22" sid="id-skelbones-2-19" name="front_toe_r" type="JOINT">
											<matrix sid="transform"> 1.0 0.0 -2.3841856489070778e-07 -2.2347111428732596e-20 -2.1930115678969742e-07 0.3923506438732147 -0.9198156595230103 0.7746828198432922 9.354368302183502e-08 0.919815719127655 0.3923507630825043 7.078051567077637e-08 0.0 0.0 0.0 1.0  </matrix>
										</node>
									</node>
								</node>
							</node>
							<node id="id-bone-23" sid="id-skelbones-2-20" name="front_thigh_l" type="JOINT">
								<matrix sid="transform"> 1.0 -2.8010013011225965e-06 -1.3269996088638436e-06 -2.110973355229362e-06 -4.711529018493199e-13 -0.428141713142395 0.9037116765975952 1.0353914499282837 -3.099441300946637e-06 -0.90371173620224 -0.4281417429447174 -0.6810818314552307 0.0 0.0 0.0 1.0  </matrix>
								<node id="id-bone-24" sid="id-skelbones-2-21" name="front_leg_l" type="JOINT">
									<matrix sid="transform"> 1.0 -4.036373015339767e-13 -4.607799059842821e-13 1.0842021724855044e-19 2.2780914524581086e-13 0.9433059692382812 -0.3319248557090759 1.033401370048523 5.686336275977089e-13 0.3319248557090759 0.9433058500289917 1.1920928955078125e-07 0.0 0.0 0.0 1.0  </matrix>
									<node id="id-bone-25" sid="id-skelbones-2-22" name="front_foot_l" type="JOINT">
										<matrix sid="transform"> 1.0 9.157809205803175e-17 -1.429760910020921e-16 -3.414601568618898e-21 -1.5116488789879146e-16 0.8635385632514954 -0.5042827129364014 1.6697114706039429 7.728672717883058e-17 0.5042827129364014 0.8635386228561401 4.470348358154297e-08 0.0 0.0 0.0 1.0  </matrix>
										<node id="id-bone-26" sid="id-skelbones-2-23" name="front_toe_l" type="JOINT">
											<matrix sid="transform"> 1.0 3.308722450212111e-24 -2.3841856489070778e-07 -4.8711011912022694e-20 -2.2042893021989585e-07 0.38107067346572876 -0.9245458841323853 0.7712030410766602 9.085432850497455e-08 0.9245460033416748 0.38107067346572876 -3.3527612686157227e-08 0.0 0.0 0.0 1.0  </matrix>
										</node>
									</node>
								</node>
							</node>
						</node>
					</node>
					<node id="id-bone-27" sid="id-skelbones-2-24" name="hind_thigh_r" type="JOINT">
						<matrix sid="transform"> 1.0 -8.603002754625777e-08 1.5542729769890684e-08 -4.31559499247669e-08 -5.406087259980133e-22 0.1777881532907486 0.9840688109397888 -0.5137954950332642 -8.742278367890322e-08 -0.9840688109397888 0.17778807878494263 -0.49364662170410156 0.0 0.0 0.0 1.0  </matrix>
						<node id="id-bone-28" sid="id-skelbones-2-25" name="hind_leg_r" type="JOINT">
							<matrix sid="transform"> 1.0 8.851445065017379e-16 -1.3095809108491655e-15 0.0 4.4366564043687626e-16 0.6380188465118408 0.7700209021568298 1.5561020374298096 1.5171166884206779e-15 -0.7700208425521851 0.6380188465118408 -1.1920928955078125e-07 0.0 0.0 0.0 1.0  </matrix>
							<node id="id-bone-29" sid="id-skelbones-2-26" name="hind_foot_r" type="JOINT">
								<matrix sid="transform"> 1.0 3.5665414122550886e-17 -1.6004878120783137e-16 -1.0587911840678754e-22 -1.2394273128169594e-16 0.8034573197364807 -0.5953623652458191 1.6730210781097412 1.073588849656408e-16 0.5953623652458191 0.8034573197364807 -5.960464477539063e-08 0.0 0.0 0.0 1.0  </matrix>
								<node id="id-bone-30" sid="id-skelbones-2-27" name="hind_toe_r" type="JOINT">
									<matrix sid="transform"> 1.0 -8.271806125530277e-25 -2.3841863594498136e-07 -1.9852334701272664e-23 -2.3828198436603998e-07 -0.03384827822446823 -0.9994270205497742 0.9690313339233398 -8.070059287490494e-09 0.9994269609451294 -0.03384840488433838 2.7241185307502747e-07 0.0 0.0 0.0 1.0  </matrix>
								</node>
							</node>
						</node>
					</node>
					<node id="id-bone-31" sid="id-skelbones-2-28" name="hind_thigh_l" type="JOINT">
						<matrix sid="transform"> 1.0 -7.216316078029195e-08 4.934796038469358e-08 -2.6044601142416468e-08 -2.4020279400741708e-22 0.5644748210906982 0.8254503011703491 -0.29354894161224365 -8.742277657347586e-08 -0.8254503011703491 0.5644748210906982 -0.2979156970977783 0.0 0.0 0.0 1.0  </matrix>
						<node id="id-bone-32" sid="id-skelbones-2-29" name="hind_leg_l" type="JOINT">
							<matrix sid="transform"> 1.0 2.463164399077217e-15 -2.0638180105999682e-15 -2.117582368135751e-22 3.542278285829887e-16 0.5538285374641418 0.8326308727264404 1.529704213142395 3.193907557728264e-15 -0.8326308727264404 0.5538285374641418 1.1920928955078125e-07 0.0 0.0 0.0 1.0  </matrix>
							<node id="id-bone-33" sid="id-skelbones-2-30" name="hind_foot_l" type="JOINT">
								<matrix sid="transform"> 1.0 -2.812414082680294e-23 2.384185791015625e-07 9.26442286059391e-23 1.3747308003075887e-07 0.8170236945152283 -0.576603889465332 1.5864248275756836 -1.947936283386298e-07 0.576603889465332 0.8170238137245178 0.0 0.0 0.0 0.0 1.0  </matrix>
								<node id="id-bone-34" sid="id-skelbones-2-31" name="hind_toe_l" type="JOINT">
									<matrix sid="transform"> 1.0 -2.2235632002320926e-07 -3.244480808461958e-07 6.5165378654178166e-15 -2.223562489689357e-07 0.360834002494812 -0.9326300024986267 1.0141191482543945 3.244480808461958e-07 0.9326300024986267 0.3608340322971344 -2.60770320892334e-08 0.0 0.0 0.0 1.0  </matrix>
								</node>
							</node>
						</node>
					</node>
					<node id="id-bone-35" sid="id-skelbones-2-32" name="tail01" type="JOINT">
						<matrix sid="transform"> -1.0 -4.511356621605955e-08 5.520284958038246e-07 0.06017090007662773 -2.457401535593817e-07 -0.8570692539215088 -0.5152003765106201 -0.23846352100372314 4.963694664184004e-07 -0.5152007937431335 0.857069194316864 0.18604230880737305 0.0 0.0 0.0 1.0  </matrix>
						<node id="id-bone-36" sid="id-skelbones-2-33" name="tail02" type="JOINT">
							<matrix sid="transform"> -1.0 -2.723718921515683e-07 -5.426650204753969e-07 2.6197994884569198e-09 8.529141837243515e-08 0.8218673467636108 -0.5696790814399719 0.8257579207420349 6.011632081026619e-07 -0.5696790814399719 -0.8218673467636108 2.8707617616419157e-08 0.0 0.0 0.0 1.0  </matrix>
							<node id="id-bone-37" sid="id-skelbones-2-34" name="tail03" type="JOINT">
								<matrix sid="transform"> 1.0 8.749063340474095e-08 1.1655718878955668e-07 7.077005648170598e-12 -1.3942478460649e-07 0.807183027267456 0.5903011560440063 1.5525866746902466 -4.243717199869934e-08 -0.5903011560440063 0.807183027267456 -2.2935728338779882e-07 0.0 0.0 0.0 1.0  </matrix>
							</node>
						</node>
					</node>
				</node>
			</node>
		</node>
	</visual_scene>
</library_visual_scenes>
<library_animations>
	<animation id="id-anim-38">
		<source id="id-anim-38-input">
			<float_array id="id-anim-38-input-array" count="25"> 0.0 0.041666666666666664 0.08333333333333333 0.125 0.16666666666666666 0.20833333333333331 0.25 0.29166666666666663 0.3333333333333333 0.375 0.41666666666666663 0.4583333333333333 0.5 0.5416666666666666 0.5833333333333333 0.625 0.6666666666666666 0.7083333333333333 0.75 0.7916666666666666 0.8333333333333333 0.875 0.9166666666666666 0.9583333333333333 1.0</float_array>
			<technique_common>
				<accessor source="#id-anim-38-input-array" count="25" stride="1">
					<param name="TIME" type="float"/>
				</accessor>
			</technique_common>
		</source>
		<source id="id-anim-38-transform-output">
			<float_array id="id-anim-38-transform-output-array" count="400">  1.0 -2.220445916901415e-16 0.0 3.684895076043666e-16 2.220445916901415e-16 0.9999999403953552 0.0 -0.10806846618652344 0.0 0.0 1.0 1.4781421422958374 0.0 0.0 0.0 1.0    1.0 -2.220445916901415e-16 0.0 3.684895076043666e-16 2.220445916901415e-16 0.9999999403953552 0.0 -0.10806846618652344 0.0 0.0 1.0 1.4781421422958374 0.0 0.0 0.0 1.0    1.0 -2.220445916901415e-16 0.0 3.684895076043666e-16 2.220445916901415e-16 0.9999999403953552 0.0 -0.10806846618652344 0.0 0.0 1.0 1.4781421422958374 0.0 0.0 0.0 1.0    1.0 -2.220445916901415e-16 0.0 3.684895076043666e-16 2.220445916901415e-16 0.9999999403953552 0.0 -0.10806846618652344 0.0 0.0 1.0 1.4781421422958374 0.0 0.0 0.0 1.0    1.0 -2.220445916901415e-16 0.0 3.684895076043666e-16 2.220445916901415e-16 0.9999999403953552 0.0 -0.10806846618652344 0.0 0.0 1.0 1.4781421422958374 0.0 0.0 0.0 1.0    1.0 -2.220445916901415e-16 0.0 3.684895076043666e-16 2.220445916901415e-16 0.9999999403953552 0.0 -0.10806846618652344 0.0 0.0 1.0 1.4781421422958374 0.0 0.0 0.0 1.0    1.0 -2.220445916901415e-16 0.0 3.684895076043666e-16 2.220445916901415e-16 0.9999999403953552 0.0 -0.10806846618652344 0.0 0.0 1.0 1.4781421422958374 0.0 0.0 0.0 1.0    1.0 -2.220445916901415e-16 0.0 3.684895076043666e-16 2.220445916901415e-16 0.9999999403953552 0.0 -0.10806846618652344 0.0 0.0 1.0 1.4781421422958374 0.0 0.0 0.0 1.0    1.0 -2.220445916901415e-16 0.0 3.684895076043666e-16 2.220445916901415e-16 0.9999999403953552 0.0 -0.10806846618652344 0.0 0.0 1.0 1.4781421422958374 0.0 0.0 0.0 1.0    1.0 -2.220445916901415e-16 0.0 3.684895076043666e-16 2.220445916901415e-16 0.9999999403953552 0.0 -0.10806846618652344 0.0 0.0 1.0 1.4781421422958374 0.0 0.0 0.0 1.0    1.0 -2.220445916901415e-16 0.0 3.684895076043666e-16 2.220445916901415e-16 0.9999999403953552 0.0 -0.10806846618652344 0.0 0.0 1.0 1.4781421422958374 0.0 0.0 0.0 1.0    1.0 -2.220445916901415e-16 0.0 3.684895076043666e-16 2.220445916901415e-16 0.9999999403953552 0.0 -0.10806846618652344 0.0 0.0 1.0 1.4781421422958374 0.0 0.0 0.0 1.0    1.0 -2.220445916901415e-16 0.0 3.684895076043666e-16 2.220445916901415e-16 0.9999999403953552 0.0 -0.10806846618652344 0.0 0.0 1.0 1.4781421422958374 0.0 0.0 0.0 1.0    1.0 -2.220445916901415e-16 0.0 3.684895076043666e-16 2.220445916901415e-16 0.9999999403953552 0.0 -0.10806846618652344 0.0 0.0 1.0 1.4781421422958374 0.0 0.0 0.0 1.0    1.0 -2.220445916901415e-16 0.0 3.684895076043666e-16 2.220445916901415e-16 0.9999999403953552 0.0 -0.10806846618652344 0.0 0.0 1.0 1.4781421422958374 0.0 0.0 0.0 1.0    1.0 -2.220445916901415e-16 0.0 3.684895076043666e-16 2.220445916901415e-16 0.9999999403953552 0.0 -0.10806846618652344 0.0 0.0 1.0 1.4781421422958374 0.0 0.0 0.0 1.0    1.0 -2.220445916901415e-16 0.0 3.684895076043666e-16 2.220445916901415e-16 0.9999999403953552 0.0 -0.10806846618652344 0.0 0.0 1.0 1.4781421422958374 0.0 0.0 0.0 1.0    1.0 -2.220445916901415e-16 0.0 3.684895076043666e-16 2.220445916901415e-16 0.9999999403953552 0.0 -0.10806846618652344 0.0 0.0 1.0 1.4781421422958374 0.0 0.0 0.0 1.0    1.0 -2.220445916901415e-16 0.0 3.684895076043666e-16 2.220445916901415e-16 0.9999999403953552 0.0 -0.10806846618652344 0.0 0.0 1.0 1.4781421422958374 0.0 0.0 0.0 1.0    1.0 -2.220445916901415e-16 0.0 3.684895076043666e-16 2.220445916901415e-16 0.9999999403953552 0.0 -0.10806846618652344 0.0 0.0 1.0 1.4781421422958374 0.0 0.0 0.0 1.0    1.0 -2.220445916901415e-16 0.0 3.684895076043666e-16 2.220445916901415e-16 0.9999999403953552 0.0 -0.10806846618652344 0.0 0.0 1.0 1.4781421422958374 0.0 0.0 0.0 1.0    1.0 -2.220445916901415e-16 0.0 3.684895076043666e-16 2.220445916901415e-16 0.9999999403953552 0.0 -0.10806846618652344 0.0 0.0 1.0 1.4781421422958374 0.0 0.0 0.0 1.0    1.0 -2.220445916901415e-16 0.0 3.684895076043666e-16 2.220445916901415e-16 0.9999999403953552 0.0 -0.10806846618652344 0.0 0.0 1.0 1.4781421422958374 0.0 0.0 0.0 1.0    1.0 -2.220445916901415e-16 0.0 3.684895076043666e-16 2.220445916901415e-16 0.9999999403953552 0.0 -0.10806846618652344 0.0 0.0 1.0 1.4781421422958374 0.0 0.0 0.0 1.0    1.0 -2.220445916901415e-16 0.0 3.684895076043666e-16 2.220445916901415e-16 0.9999999403953552 0.0 -0.10806846618652344 0.0 0.0 1.0 1.4781421422958374 0.0 0.0 0.0 1.0  </float_array>
			<technique_common>
				<accessor source="#id-anim-38-transform-output-array" count="25" stride="16">
					<param name="TRANSFORM" type="float4x4"/>
				</accessor>
			</technique_common>
		</source>
		<source id="id-anim-38-interpolation-output">
			<Name_array id="id-anim-38-interpolation-output-array" count="25"> LINEAR LINEAR LINEAR LINEAR LINEAR LINEAR LINEAR LINEAR LINEAR LINEAR LINEAR LINEAR LINEAR LINEAR LINEAR LINEAR LINEAR LINEAR LINEAR LINEAR LINEAR LINEAR LINEAR LINEAR LINEAR</Name_array>
			<technique_common>
				<accessor source="#id-anim-38-interpolation-output-array" count="25" stride="1">
					<param name="INTERPOLATION" type="Name"/>
				</accessor>
			</technique_common>
		</source>
		<sampler id="id-anim-38-sampler">
			<input semantic="INPUT" source="#id-anim-38-input"/>
			<input semantic="OUTPUT" source="#id-anim-38-transform-output"/>
			<input semantic="INTERPOLATION" source="#id-anim-38-interpolation-output"/>
		</sampler>
		<channel source="#id-anim-38-sampler" target="id-bone-5/transform"/>
	</animation>
	<animation id="id-anim-39">
		<source id="id-anim-39-input">
			<float_array id="id-anim-39-input-array" count="25"> 0.0 0.041666666666666664 0.08333333333333333 0.125 0.16666666666666666 0.20833333333333331 0.25 0.29166666666666663 0.3333333333333333 0.375 0.41666666666666663 0.4583333333333333 0.5 0.5416666666666666 0.5833333333333333 0.625 0.6666666666666666 0.7083333333333333 0.75 0.7916666666666666 0.8333333333333333 0.875 0.9166666666666666 0.9583333333333333 1.0</float_array>
			<technique_common>
				<accessor source="#id-anim-39-input-array" count="25" stride="1">
					<param name="TIME" type="float"/>
				</accessor>
			</technique_common>
		</source>
		<source id="id-anim-39-transform-output">
			<float_array id="id-anim-39-transform-output-array" count="400">  1.0 -2.220446049250313e-16 0.0 -6.515686597305826e-16 2.220446049250313e-16 1.0 0.0 0.1236429214477539 0.0 0.0 1.0 -2.652369737625122 0.0 0.0 0.0 1.0    1.0 -2.220446049250313e-16 0.0 -6.515686597305826e-16 2.220446049250313e-16 1.0 0.0 0.1236429214477539 0.0 0.0 1.0 -2.652369737625122 0.0 0.0 0.0 1.0    1.0 -2.220446049250313e-16 0.0 -6.515686597305826e-16 2.220446049250313e-16 1.0 0.0 0.1236429214477539 0.0 0.0 1.0 -2.652369737625122 0.0 0.0 0.0 1.0    1.0 -2.220446049250313e-16 0.0 -6.515686597305826e-16 2.220446049250313e-16 1.0 0.0 0.1236429214477539 0.0 0.0 1.0 -2.652369737625122 0.0 0.0 0.0 1.0    1.0 -2.220446049250313e-16 0.0 -6.515686597305826e-16 2.220446049250313e-16 1.0 0.0 0.1236429214477539 0.0 0.0 1.0 -2.652369737625122 0.0 0.0 0.0 1.0    1.0 -2.220446049250313e-16 0.0 -6.515686597305826e-16 2.220446049250313e-16 1.0 0.0 0.1236429214477539 0.0 0.0 1.0 -2.652369737625122 0.0 0.0 0.0 1.0    1.0 -2.220446049250313e-16 0.0 -6.515686597305826e-16 2.220446049250313e-16 1.0 0.0 0.1236429214477539 0.0 0.0 1.0 -2.652369737625122 0.0 0.0 0.0 1.0    1.0 -2.220446049250313e-16 0.0 -6.515686597305826e-16 2.220446049250313e-16 1.0 0.0 0.1236429214477539 0.0 0.0 1.0 -2.652369737625122 0.0 0.0 0.0 1.0    1.0 -2.220446049250313e-16 0.0 -6.515686597305826e-16 2.220446049250313e-16 1.0 0.0 0.1236429214477539 0.0 0.0 1.0 -2.652369737625122 0.0 0.0 0.0 1.0    1.0 -2.220446049250313e-16 0.0 -6.515686597305826e-16 2.220446049250313e-16 1.0 0.0 0.1236429214477539 0.0 0.0 1.0 -2.652369737625122 0.0 0.0 0.0 1.0    1.0 -2.220446049250313e-16 0.0 -6.515686597305826e-16 2.220446049250313e-16 1.0 0.0 0.1236429214477539 0.0 0.0 1.0 -2.652369737625122 0.0 0.0 0.0 1.0    1.0 -2.220446049250313e-16 0.0 -6.515686597305826e-16 2.220446049250313e-16 1.0 0.0 0.1236429214477539 0.0 0.0 1.0 -2.652369737625122 0.0 0.0 0.0 1.0    1.0 -2.220446049250313e-16 0.0 -6.515686597305826e-16 2.220446049250313e-16 1.0 0.0 0.1236429214477539 0.0 0.0 1.0 -2.652369737625122 0.0 0.0 0.0 1.0    1.0 -2.220446049250313e-16 0.0 -6.515686597305826e-16 2.220446049250313e-16 1.0 0.0 0.1236429214477539 0.0 0.0 1.0 -2.652369737625122 0.0 0.0 0.0 1.0    1.0 -2.220446049250313e-16 0.0 -6.515686597305826e-16 2.220446049250313e-16 1.0 0.0 0.1236429214477539 0.0 0.0 1.0 -2.652369737625122 0.0 0.0 0.0 1.0    1.0 -2.220446049250313e-16 0.0 -6.515686597305826e-16 2.220446049250313e-16 1.0 0.0 0.1236429214477539 0.0 0.0 1.0 -2.652369737625122 0.0 0.0 0.0 1.0    1.0 -2.220446049250313e-16 0.0 -6.515686597305826e-16 2.220446049250313e-16 1.0 0.0 0.1236429214477539 0.0 0.0 1.0 -2.652369737625122 0.0 0.0 0.0 1.0    1.0 -2.220446049250313e-16 0.0 -6.515686597305826e-16 2.220446049250313e-16 1.0 0.0 0.1236429214477539 0.0 0.0 1.0 -2.652369737625122 0.0 0.0 0.0 1.0    1.0 -2.220446049250313e-16 0.0 -6.515686597305826e-16 2.220446049250313e-16 1.0 0.0 0.1236429214477539 0.0 0.0 1.0 -2.652369737625122 0.0 0.0 0.0 1.0    1.0 -2.220446049250313e-16 0.0 -6.515686597305826e-16 2.220446049250313e-16 1.0 0.0 0.1236429214477539 0.0 0.0 1.0 -2.652369737625122 0.0 0.0 0.0 1.0    1.0 -2.220446049250313e-16 0.0 -6.515686597305826e-16 2.220446049250313e-16 1.0 0.0 0.1236429214477539 0.0 0.0 1.0 -2.652369737625122 0.0 0.0 0.0 1.0    1.0 -2.220446049250313e-16 0.0 -6.515686597305826e-16 2.220446049250313e-16 1.0 0.0 0.1236429214477539 0.0 0.0 1.0 -2.652369737625122 0.0 0.0 0.0 1.0    1.0 -2.220446049250313e-16 0.0 -6.515686597305826e-16 2.220446049250313e-16 1.0 0.0 0.1236429214477539 0.0 0.0 1.0 -2.652369737625122 0.0 0.0 0.0 1.0    1.0 -2.220446049250313e-16 0.0 -6.515686597305826e-16 2.220446049250313e-16 1.0 0.0 0.1236429214477539 0.0 0.0 1.0 -2.652369737625122 0.0 0.0 0.0 1.0    1.0 -2.220446049250313e-16 0.0 -6.515686597305826e-16 2.220446049250313e-16 1.0 0.0 0.1236429214477539 0.0 0.0 1.0 -2.652369737625122 0.0 0.0 0.0 1.0  </float_array>
			<technique_common>
				<accessor source="#id-anim-39-transform-output-array" count="25" stride="16">
					<param name="TRANSFORM" type="float4x4"/>
				</accessor>
			</technique_common>
		</source>
		<source id="id-anim-39-interpolation-output">
			<Name_array id="id-anim-39-interpolation-output-array" count="25"> LINEAR LINEAR LINEAR LINEAR LINEAR LINEAR LINEAR LINEAR LINEAR LINEAR LINEAR LINEAR LINEAR LINEAR LINEAR LINEAR LINEAR LINEAR LINEAR LINEAR LINEAR LINEAR LINEAR LINEAR LINEAR</Name_array>
			<technique_common>
				<accessor source="#id-anim-39-interpolation-output-array" count="25" stride="1">
					<param name="INTERPOLATION" type="Name"/>
				</accessor>
			</technique_common>
		</source>
		<sampler id="id-anim-39-sampler">
			<input semantic="INPUT" source="#id-anim-39-input"/>
			<input semantic="OUTPUT" source="#id-anim-39-transform-output"/>
			<input semantic="INTERPOLATION" source="#id-anim-39-interpolation-output"/>
		</sampler>
		<channel source="#id-anim-39-sampler" target="id-bone-3/transform"/>
	</animation>
	<animation id="id-anim-40">
		<source id="id-anim-40-input">
			<float_array id="id-anim-40-input-array" count="25"> 0.0 0.041666666666666664 0.08333333333333333 0.125 0.16666666666666666 0.20833333333333331 0.25 0.29166666666666663 0.3333333333333333 0.375 0.41666666666666663 0.4583333333333333 0.5 0.5416666666666666 0.5833333333333333 0.625 0.6666666666666666 0.7083333333333333 0.75 0.7916666666666666 0.8333333333333333 0.875 0.9166666666666666 0.9583333333333333 1.0</float_array>
			<technique_common>
				<accessor source="#id-anim-40-input-array" count="25" stride="1">
					<param name="TIME" type="float"/>
				</accessor>
			</technique_common>
		</source>
		<source id="id-anim-40-transform-output">
			<float_array id="id-anim-40-transform-output-array" count="400">  1.0 -8.39393692331214e-08 3.3048575431848803e-08 -4.3155964135621616e-08 -7.450993155799779e-10 0.3586499094963074 0.9334721565246582 -0.5137954950332642 -9.02079619891083e-08 -0.933472216129303 0.35864952206611633 -0.49364662170410156 0.0 0.0 0.0 1.0    1.0 -8.389146444187645e-08 3.329925490902497e-08 -4.3155992557331047e-08 -7.64396879127105e-10 0.36104702949523926 0.9325476884841919 -0.5137954950332642 -9.025541203300236e-08 -0.9325477480888367 0.3610466718673706 -0.49364662170410156 0.0 0.0 0.0 1.0    1.0 -8.374186677428952e-08 3.405188309102414e-08 -4.315592505577115e-08 -8.238431603579954e-10 0.3682209849357605 0.929738461971283 -0.5137954950332642 -9.039667503429882e-08 -0.9297384023666382 0.36822065711021423 -0.49364662170410156 0.0 0.0 0.0 1.0    1.0 -8.347908675432336e-08 3.527965120042609e-08 -4.3155971241048974e-08 -9.258473432360859e-10 0.3798501789569855 0.9250481128692627 -0.5137953758239746 -9.062317474217707e-08 -0.9250481724739075 0.37984979152679443 -0.49364686012268066 0.0 0.0 0.0 1.0    1.0 -8.309319809995941e-08 3.6911721679189213e-08 -4.315592150305747e-08 -1.0716789677900351e-09 0.3951680660247803 0.9186089038848877 -0.5137954950332642 -9.091650809978091e-08 -0.9186090230941772 0.39516767859458923 -0.49364638328552246 0.0 0.0 0.0 1.0    1.0 -8.258066230837358e-08 3.8835960225469535e-08 -4.315598900461737e-08 -1.2595283704897042e-09 0.41303783655166626 0.9107139706611633 -0.5137954950332642 -9.124811839456015e-08 -0.9107139706611633 0.4130374789237976 -0.49364686012268066 0.0 0.0 0.0 1.0    1.0 -8.195168987867874e-08 4.0907519149868676e-08 -4.3155971241048974e-08 -1.482460265656016e-09 0.4320772886276245 0.901836633682251 -0.5137956142425537 -9.158227953776077e-08 -0.9018366932868958 0.43207690119743347 -0.49364662170410156 0.0 0.0 0.0 1.0    1.0 -8.126212236447827e-08 4.293799449328617e-08 -4.315592150305747e-08 -1.7246866157449858e-09 0.4505075216293335 0.8927726745605469 -0.5137956142425537 -9.189253091790306e-08 -0.8927727341651917 0.45050716400146484 -0.49364638328552246 0.0 0.0 0.0 1.0    1.0 -8.057705258579517e-08 4.476662596175629e-08 -4.315593216119851e-08 -1.9648336291311352e-09 0.4669129252433777 0.8843033909797668 -0.5137956142425537 -9.215671070705866e-08 -0.8843035101890564 0.46691247820854187 -0.49364662170410156 0.0 0.0 0.0 1.0    1.0 -7.995595296961255e-08 4.628056160527194e-08 -4.315600676818576e-08 -2.1797785798582936e-09 0.4803975820541382 0.8770509958267212 -0.5137954950332642 -9.235854037115132e-08 -0.8770509958267212 0.48039722442626953 -0.49364662170410156 0.0 0.0 0.0 1.0    1.0 -7.947065938651576e-08 4.739056791436269e-08 -4.315589308134804e-08 -2.3477171318120327e-09 0.4902176856994629 0.8716000914573669 -0.5137953758239746 -9.249835386526684e-08 -0.8716001510620117 0.49021732807159424 -0.49364638328552246 0.0 0.0 0.0 1.0    1.0 -7.916675315300381e-08 4.805819386888288e-08 -4.315598189919001e-08 -2.453228509224914e-09 0.496094673871994 0.8682684898376465 -0.5137954950332642 -9.257944100227178e-08 -0.8682685494422913 0.49609431624412537 -0.49364662170410156 0.0 0.0 0.0 1.0    1.0 -7.906449184247322e-08 4.827844435340012e-08 -4.315592150305747e-08 -2.488800499023114e-09 0.4980286955833435 0.8671607375144958 -0.5137956142425537 -9.260568845093076e-08 -0.8671607375144958 0.49802833795547485 -0.49364662170410156 0.0 0.0 0.0 1.0    1.0 -7.916675315300381e-08 4.805819386888288e-08 -4.315597479376265e-08 -2.453228509224914e-09 0.496094673871994 0.8682684898376465 -0.5137954950332642 -9.257944100227178e-08 -0.8682685494422913 0.49609431624412537 -0.49364662170410156 0.0 0.0 0.0 1.0    1.0 -7.947065938651576e-08 4.739056791436269e-08 -4.315589308134804e-08 -2.3477171318120327e-09 0.4902176856994629 0.8716000914573669 -0.5137953758239746 -9.249835386526684e-08 -0.8716001510620117 0.49021732807159424 -0.49364638328552246 0.0 0.0 0.0 1.0    1.0 -7.995595296961255e-08 4.628056160527194e-08 -4.315600321547208e-08 -2.1797785798582936e-09 0.4803975820541382 0.8770509958267212 -0.5137954950332642 -9.235854037115132e-08 -0.8770509958267212 0.48039722442626953 -0.49364662170410156 0.0 0.0 0.0 1.0    1.0 -8.057705258579517e-08 4.476662596175629e-08 -4.315593216119851e-08 -1.9648336291311352e-09 0.4669129252433777 0.8843033909797668 -0.5137956142425537 -9.215671070705866e-08 -0.8843035101890564 0.46691247820854187 -0.49364662170410156 0.0 0.0 0.0 1.0    1.0 -8.126212236447827e-08 4.293799449328617e-08 -4.315592150305747e-08 -1.7246866157449858e-09 0.4505075216293335 0.8927726745605469 -0.5137956142425537 -9.189253091790306e-08 -0.8927727341651917 0.45050716400146484 -0.49364638328552246 0.0 0.0 0.0 1.0    1.0 -8.195168987867874e-08 4.0907519149868676e-08 -4.3155971241048974e-08 -1.482460265656016e-09 0.4320772886276245 0.901836633682251 -0.5137956142425537 -9.158227953776077e-08 -0.9018366932868958 0.43207690119743347 -0.49364662170410156 0.0 0.0 0.0 1.0    1.0 -8.258066230837358e-08 3.8835960225469535e-08 -4.3155964135621616e-08 -1.2595271492443771e-09 0.41303783655166626 0.9107139706611633 -0.5137954950332642 -9.12481112891328e-08 -0.9107139706611633 0.4130374789237976 -0.49364686012268066 0.0 0.0 0.0 1.0    1.0 -8.309319809995941e-08 3.6911721679189213e-08 -4.315591795034379e-08 -1.0716789677900351e-09 0.3951680660247803 0.9186089038848877 -0.5137954950332642 -9.091650809978091e-08 -0.9186090230941772 0.39516767859458923 -0.49364638328552246 0.0 0.0 0.0 1.0    1.0 -8.347908675432336e-08 3.527965120042609e-08 -4.3155971241048974e-08 -9.258473432360859e-10 0.3798501789569855 0.9250481128692627 -0.5137953758239746 -9.062317474217707e-08 -0.9250481724739075 0.37984979152679443 -0.49364686012268066 0.0 0.0 0.0 1.0    1.0 -8.374186677428952e-08 3.405188309102414e-08 -4.31559001867754e-08 -8.238431603579954e-10 0.3682209849357605 0.929738461971283 -0.5137954950332642 -9.039667503429882e-08 -0.9297384023666382 0.36822065711021423 -0.49364662170410156 0.0 0.0 0.0 1.0    1.0 -8.389146444187645e-08 3.329925490902497e-08 -4.315595703019426e-08 -7.64396879127105e-10 0.36104702949523926 0.9325476884841919 -0.5137954950332642 -9.0255404927575e-08 -0.9325477480888367 0.3610466718673706 -0.49364638328552246 0.0 0.0 0.0 1.0    1.0 -8.39393692331214e-08 3.3048575431848803e-08 -4.3155964135621616e-08 -7.450993155799779e-10 0.3586499094963074 0.9334721565246582 -0.5137954950332642 -9.02079619891083e-08 -0.933472216129303 0.35864952206611633 -0.49364662170410156 0.0 0.0 0.0 1.0  </float_array>
			<technique_common>
				<accessor source="#id-anim-40-transform-output-array" count="25" stride="16">
					<param name="TRANSFORM" type="float4x4"/>
				</accessor>
			</technique_common>
		</source>
		<source id="id-anim-40-interpolation-output">
			<Name_array id="id-anim-40-interpolation-output-array" count="25"> LINEAR LINEAR LINEAR LINEAR LINEAR LINEAR LINEAR LINEAR LINEAR LINEAR LINEAR LINEAR LINEAR LINEAR LINEAR LINEAR LINEAR LINEAR LINEAR LINEAR LINEAR LINEAR LINEAR LINEAR LINEAR</Name_array>
			<technique_common>
				<accessor source="#id-anim-40-interpolation-output-array" count="25" stride="1">
					<param name="INTERPOLATION" type="Name"/>
				</accessor>
			</technique_common>
		</source>
		<sampler id="id-anim-40-sampler">
			<input semantic="INPUT" source="#id-anim-40-input"/>
			<input semantic="OUTPUT" source="#id-anim-40-transform-output"/>
			<input semantic="INTERPOLATION" source="#id-anim-40-interpolation-output"/>
		</sampler>
		<channel source="#id-anim-40-sampler" target="id-bone-27/transform"/>
	</animation>
	<animation id="id-anim-41">
		<source id="id-anim-41-input">
			<float_array id="id-anim-41-input-array" count="25"> 0.0 0.041666666666666664 0.08333333333333333 0.125 0.16666666666666666 0.20833333333333331 0.25 0.29166666666666663 0.3333333333333333 0.375 0.41666666666666663 0.4583333333333333 0.5 0.5416666666666666 0.5833333333333333 0.625 0.6666666666666666 0.7083333333333333 0.75 0.7916666666666666 0.8333333333333333 0.875 0.9166666666666666 0.9583333333333333 1.0</float_array>
			<technique_common>
				<accessor source="#id-anim-41-input-array" count="25" stride="1">
					<param name="TIME" type="float"/>
				</accessor>
			</technique_common>
		</source>
		<source id="id-anim-41-transform-output">
